./build/exec -inst tiny_2 -alg BnB -time 10 -seed 0
2 2illegal edge Add edge
1 2
0 1
0 2
0 1
0 2
2 0
1 0
1 2
1 2
0 1
0 2
0 1
0 2
2 0
1 0
1 2
1 2
0 1
0 2
0 1
0 2
2 0
1 0
1 2
1 2
0 1
0 2
0 1
0 2
2 0
1 0
1 2
1 2
0 1
0 2
0 1
0 2
2 0
1 0
1 2
1 2
0 1
0 2
0 1
0 2
2 0
1 0
1 2
1 2
0 1
0 2
0 1
0 2
2 0
1 0
1 2
1 2
0 1
0 2
0 1
0 2
2 0
1 0
1 2
1 2
0 1
0 2
0 1
0 2
2 0
1 0
1 2
1 2
0 1
0 2
0 1
0 2
2 0
1 0
1 2
0	5
./build/exec -inst karate -alg BnB -time 10 -seed 0
6 16
24 25
24 27
23 25
23 27
4 6
4 10
5 6
5 10
5 16
5 6
5 10
5 16
23 25
23 27
27 23
27 24
25 23
25 24
16 5
10 4
10 5
6 4
6 5
6 16
6 16
24 25
24 27
23 25
23 27
4 6
4 10
5 6
5 10
5 16
5 6
5 10
5 16
23 25
23 27
27 23
27 24
25 23
25 24
16 5
10 4
10 5
6 4
6 5
6 16
6 16
24 25
24 27
23 25
23 27
4 6
4 10
5 6
5 10
5 16
5 6
5 10
5 16
23 25
23 27
27 23
27 24
25 23
25 24
16 5
10 4
10 5
6 4
6 5
6 16
6 16
24 25
24 27
23 25
23 27
4 6
4 10
5 6
5 10
5 16
5 6
5 10
5 16
23 25
23 27
27 23
27 24
25 23
25 24
16 5
10 4
10 5
6 4
6 5
6 16
6 16
24 25
24 27
23 25
23 27
4 6
4 10
5 6
5 10
5 16
5 6
5 10
5 16
23 25
23 27
27 23
27 24
25 23
25 24
16 5
10 4
10 5
6 4
6 5
6 16
6 16
24 25
24 27
23 25
23 27
4 6
4 10
5 6
5 10
5 16
5 6
5 10
5 16
23 25
23 27
27 23
27 24
25 23
25 24
16 5
10 4
10 5
6 4
6 5
6 16
6 16
24 25
24 27
23 25
23 27
4 6
4 10
5 6
5 10
5 16
5 6
5 10
5 16
23 25
23 27
27 23
27 24
25 23
25 24
16 5
10 4
10 5
6 4
6 5
6 16
6 16
24 25
24 27
23 25
23 27
4 6
4 10
5 6
5 10
5 16
5 6
5 10
5 16
23 25
23 27
27 23
27 24
25 23
25 24
16 5
10 4
10 5
6 4
6 5
6 16
6 16
24 25
24 27
23 25
23 27
4 6
4 10
5 6
5 10
5 16
5 6
5 10
5 16
23 25
23 27
27 23
27 24
25 23
25 24
16 5
10 4
10 5
6 4
6 5
6 16
6 16
24 25
24 27
23 25
23 27
4 6
4 10
5 6
5 10
5 16
5 6
5 10
5 16
23 25
23 27
27 23
27 24
25 23
25 24
16 5
10 4
10 5
6 4
6 5
6 16
0	14
